{
  "asset": {
    "extras": {
      "author": "Nyilonelycompany (https://sketchfab.com/Nyilonelycompany)",
      "license": "CC-BY-4.0 (http://creativecommons.org/licenses/by/4.0/)",
      "source": "https://sketchfab.com/3d-models/rat-test-free-f47fd7f41b0943359a9c7683d9bd600f",
      "title": "Rat 🐀 (Test )Free"
    },
    "generator": "gltfeditor.com",
    "version": "2.0"
  },
  "buffers": [
    {
      "uri": "Sketchfab_Scene.bin",
      "byteLength": 1324364
    }
  ],
  "bufferViews": [
    {
      "buffer": 0,
      "byteOffset": 0,
      "byteLength": 130736,
      "target": 34962,
      "byteStride": 8
    },
    {
      "buffer": 0,
      "byteOffset": 617296,
      "byteLength": 392208,
      "target": 34962,
      "byteStride": 12
    },
    {
      "buffer": 0,
      "byteOffset": 486560,
      "byteLength": 130736,
      "target": 34962,
      "byteStride": 8
    },
    {
      "buffer": 0,
      "byteOffset": 1009504,
      "byteLength": 261472,
      "target": 34962,
      "byteStride": 16
    },
    {
      "buffer": 0,
      "byteOffset": 130736,
      "byteLength": 355824,
      "target": 34963
    }
  ],
  "accessors": [
    {
      "bufferView": 0,
      "byteOffset": 0,
      "componentType": 5123,
      "normalized": false,
      "count": 16342,
      "max": [
        51,
        51,
        48,
        48
      ],
      "min": [
        2,
        2,
        2,
        5
      ],
      "type": "VEC4"
    },
    {
      "bufferView": 1,
      "byteOffset": 196104,
      "componentType": 5126,
      "normalized": false,
      "count": 16342,
      "max": [
        0.9999406933784485,
        0.9999794960021973,
        0.9999947547912598
      ],
      "min": [
        -0.999946117401123,
        -0.9999995827674866,
        -0.999798595905304
      ],
      "type": "VEC3"
    },
    {
      "bufferView": 1,
      "byteOffset": 0,
      "componentType": 5126,
      "normalized": false,
      "count": 16342,
      "max": [
        0.48310089111328125,
        0.4571259915828705,
        0.5693286061286926
      ],
      "min": [
        -0.20829486846923828,
        -0.0007738234126009047,
        -1.0903279781341553
      ],
      "type": "VEC3"
    },
    {
      "bufferView": 2,
      "byteOffset": 0,
      "componentType": 5126,
      "normalized": false,
      "count": 16342,
      "max": [
        0.9915287494659424,
        0.9929881691932678
      ],
      "min": [
        0.006610263139009476,
        0.008763790130615234
      ],
      "type": "VEC2"
    },
    {
      "bufferView": 3,
      "byteOffset": 0,
      "componentType": 5126,
      "normalized": false,
      "count": 16342,
      "max": [
        1,
        0.49987369775772095,
        0.2983747124671936,
        0.23312896490097046
      ],
      "min": [
        0.2604619860649109,
        0,
        0,
        0
      ],
      "type": "VEC4"
    },
    {
      "bufferView": 4,
      "byteOffset": 0,
      "componentType": 5125,
      "normalized": false,
      "count": 88956,
      "max": [
        16341
      ],
      "min": [
        0
      ],
      "type": "SCALAR"
    }
  ],
  "scene": 0,
  "scenes": [
    {
      "nodes": [
        62
      ],
      "name": "Sketchfab_Scene"
    }
  ],
  "nodes": [
    {
      "name": "FrontFoot.R_end_end_042",
      "matrix": [
        1,
        -9.466330862652142e-30,
        -2.396674288209234e-22,
        0,
        9.466330862652142e-30,
        1,
        -5.293955920339377e-23,
        0,
        2.396674288209234e-22,
        5.293955920339377e-23,
        1,
        0,
        0,
        1,
        0,
        1
      ]
    },
    {
      "name": "FrontFoot.R_end_03",
      "children": [
        0
      ],
      "matrix": [
        1,
        1.262177448353619e-29,
        -6.631839276916225e-22,
        0,
        -1.262177448353619e-29,
        1,
        -2.6469779601696886e-23,
        0,
        6.631839276916225e-22,
        2.6469779601696886e-23,
        1,
        0,
        -1.5108069462144158e-8,
        0.9999999403953552,
        1.6792682799859904e-9,
        1
      ]
    },
    {
      "name": "FrontFoot.R_02",
      "children": [
        1
      ],
      "matrix": [
        1,
        -0.0000025351821477670455,
        1.8824378904616634e-13,
        0,
        -6.156434411742906e-13,
        -1.3436043388992402e-7,
        0.9999997615814209,
        0,
        -0.0000025351816930196946,
        -0.9999997615814209,
        -1.3436043388992402e-7,
        0,
        -1.1065094470977783,
        0.10000348836183548,
        2.0247294902801514,
        1
      ]
    },
    {
      "name": "FrontLowLeg.R_end_end_043",
      "matrix": [
        1,
        1.0842021724855044e-19,
        -1.0842021724855044e-19,
        0,
        -1.0842021724855044e-19,
        1,
        1.6653345369377348e-16,
        0,
        1.0842021724855044e-19,
        -1.6653345369377348e-16,
        1,
        0,
        2.220446049250313e-16,
        1.0481311082839966,
        2.220446049250313e-16,
        1
      ]
    },
    {
      "name": "FrontLowLeg.R_end_07",
      "children": [
        3
      ],
      "matrix": [
        1,
        -1.1552763368172236e-7,
        -2.66285496763885e-7,
        0,
        1.1552769052514122e-7,
        1,
        2.2316042702641425e-7,
        0,
        2.66285496763885e-7,
        -2.2316045544812368e-7,
        1,
        0,
        8.789356797933578e-9,
        1.0481312274932861,
        -1.9604340195655823e-7,
        1
      ]
    },
    {
      "name": "FrontLowLeg.R_00",
      "children": [
        4
      ],
      "matrix": [
        0.999279260635376,
        2.540443517773383e-7,
        0.037959031760692596,
        0,
        0.021121995523571968,
        0.8308828473091125,
        -0.5560463666915894,
        0,
        -0.03153964504599571,
        0.5564472675323486,
        0.8302838802337646,
        0,
        1.1688098311424255e-7,
        1.9524415731430054,
        -1.862645149230957e-8,
        1
      ]
    },
    {
      "name": "FrontUpLeg.R_06",
      "children": [
        5
      ],
      "matrix": [
        0.008707710541784763,
        -0.999269962310791,
        0.037199247628450394,
        0,
        -0.9933035373687744,
        -0.004357833880931139,
        0.11545384675264359,
        0,
        -0.11520746350288391,
        -0.03795548900961876,
        -0.9926164746284485,
        0,
        1.0105741665711321e-7,
        0.7349478006362915,
        -4.952761401000316e-8,
        1
      ]
    },
    {
      "name": "FrontLeg.R_05",
      "children": [
        6
      ],
      "matrix": [
        4.799430897151069e-8,
        0.9999635815620422,
        0.008530385792255402,
        0,
        -1,
        5.076383402524698e-8,
        -3.2429997531835397e-7,
        0,
        -3.2501901614523376e-7,
        -0.008530386723577976,
        0.999963641166687,
        0,
        -0.3892464339733124,
        0.5431467890739441,
        1.1599609851837158,
        1
      ]
    },
    {
      "name": "BackLowLeg.R_end_end_044",
      "matrix": [
        1,
        -7.37257477290143e-18,
        -6.938893903907228e-18,
        0,
        7.37257477290143e-18,
        1,
        -2.7755575615628914e-17,
        0,
        6.938893903907228e-18,
        2.7755575615628914e-17,
        1,
        0,
        -2.220446049250313e-16,
        2.3036022186279297,
        0,
        1
      ]
    },
    {
      "name": "BackLowLeg.R_end_011",
      "children": [
        8
      ],
      "matrix": [
        1,
        1.1641532182693481e-9,
        4.48198989033699e-9,
        0,
        -1.1641533292916506e-9,
        0.9999999403953552,
        3.66999302059412e-8,
        0,
        -4.4819894462477805e-9,
        -3.66999302059412e-8,
        0.9999999403953552,
        0,
        -1.935986801981926e-7,
        2.3036019802093506,
        1.685693860054016e-7,
        1
      ]
    },
    {
      "name": "BackLowLeg.R_010",
      "children": [
        9
      ],
      "matrix": [
        0.9992508888244629,
        -4.4658338538283715e-7,
        -0.03869609907269478,
        0,
        -0.03125288337469101,
        0.5896543264389038,
        -0.8070512413978577,
        0,
        0.02281768061220646,
        0.8076559901237488,
        0.5892125368118286,
        0,
        -8.568167686462402e-8,
        1.5659561157226562,
        7.450580596923828e-8,
        1
      ]
    },
    {
      "name": "BackUpLeg.R_09",
      "children": [
        10
      ],
      "matrix": [
        0.020385384559631348,
        -0.9988545179367065,
        -0.043284449726343155,
        0,
        -0.4817589223384857,
        0.028122184798121452,
        -0.8758524060249329,
        0,
        0.8760665059089661,
        0.038707245141267776,
        -0.48063382506370544,
        0,
        -3.2742255484663474e-7,
        0.821382462978363,
        -8.74031798048236e-8,
        1
      ]
    },
    {
      "name": "BackLeg.R_08",
      "children": [
        11
      ],
      "matrix": [
        1.7355441173094732e-7,
        0.9999997615814209,
        -0.00034270019386895,
        0,
        -1,
        1.7335550239749864e-7,
        -5.805152909488243e-7,
        0,
        -5.80457424348424e-7,
        0.00034270019386895,
        0.9999997615814209,
        0,
        -0.544836699962616,
        0.8379976153373718,
        -1.8745509386062622,
        1
      ]
    },
    {
      "name": "FrontLowLeg.L_end_end_045",
      "matrix": [
        1,
        -2.168404344971009e-19,
        8.131516293641283e-19,
        0,
        2.168404344971009e-19,
        1,
        -1.1102230246251565e-16,
        0,
        -8.131516293641283e-19,
        1.1102230246251565e-16,
        1,
        0,
        -2.220446049250313e-16,
        1.0481308698654175,
        0,
        1
      ]
    },
    {
      "name": "FrontLowLeg.L_end_015",
      "children": [
        13
      ],
      "matrix": [
        1,
        -1.0448274423424664e-7,
        -2.5040932882802736e-7,
        0,
        1.0448278686681078e-7,
        0.9999999403953552,
        1.9413710106164217e-7,
        0,
        2.504093004063179e-7,
        -1.9413711527249689e-7,
        0.9999998807907104,
        0,
        1.737498678267002e-8,
        1.0481308698654175,
        2.898741513490677e-7,
        1
      ]
    },
    {
      "name": "FrontLowLeg.L_014",
      "children": [
        14
      ],
      "matrix": [
        0.9945319890975952,
        3.014126264133665e-7,
        -0.10443182289600372,
        0,
        -0.05811072140932083,
        0.830884575843811,
        -0.5534014701843262,
        0,
        0.08677066117525101,
        0.5564442276954651,
        0.8263415694236755,
        0,
        -1.1455267667770386e-7,
        1.9524415731430054,
        -6.705522537231445e-8,
        1
      ]
    },
    {
      "name": "FrontUpLeg.L_013",
      "children": [
        15
      ],
      "matrix": [
        -0.016393058001995087,
        0.9945226311683655,
        0.1032288670539856,
        0,
        -0.9932692646980286,
        -0.004358237609267235,
        -0.11574625968933105,
        0,
        -0.11466233432292938,
        -0.10443145036697388,
        0.9878997802734375,
        0,
        -1.3856396918754399e-8,
        0.7349482178688049,
        6.900646098983998e-8,
        1
      ]
    },
    {
      "name": "FrontLeg.L_012",
      "children": [
        16
      ],
      "matrix": [
        1.0927837301721866e-8,
        0.9999496936798096,
        0.010028691031038761,
        0,
        1,
        1.0927837301721866e-8,
        -3.249876385780226e-7,
        0,
        -3.249876385780226e-7,
        0.010028691031038761,
        -0.9999496936798096,
        0,
        0.32761386036872864,
        0.5431467890739441,
        1.1599609851837158,
        1
      ]
    },
    {
      "name": "BackLowLeg.L_end_end_046",
      "matrix": [
        1,
        -1.3010426069826053e-18,
        3.469446951953614e-18,
        0,
        1.3010426069826053e-18,
        1,
        8.326672684688674e-17,
        0,
        -3.469446951953614e-18,
        -8.326672684688674e-17,
        1,
        0,
        0,
        2.3036022186279297,
        4.440892098500626e-16,
        1
      ]
    },
    {
      "name": "BackLowLeg.L_end_019",
      "children": [
        18
      ],
      "matrix": [
        1,
        -5.180481821298599e-8,
        -4.35393339159873e-8,
        0,
        5.180481821298599e-8,
        1,
        3.799505421397953e-8,
        0,
        4.353933036327362e-8,
        -3.799505421397953e-8,
        0.9999999403953552,
        0,
        1.632142812013626e-7,
        2.3036012649536133,
        -5.653128027915955e-7,
        1
      ]
    },
    {
      "name": "BackLowLeg.L_018",
      "children": [
        19
      ],
      "matrix": [
        0.9998195171356201,
        -3.454776447142649e-7,
        0.019004782661795616,
        0,
        0.015349525958299637,
        0.5896540880203247,
        -0.8075100183486938,
        0,
        -0.01120596844702959,
        0.8076559901237488,
        0.5895476937294006,
        0,
        -1.341104507446289e-7,
        1.565956950187683,
        3.110617399215698e-7,
        1
      ]
    },
    {
      "name": "BackUpLeg.L_017",
      "children": [
        20
      ],
      "matrix": [
        -0.003139259060844779,
        0.9994244575500488,
        -0.03378276899456978,
        0,
        -0.4812732934951782,
        0.028103135526180267,
        0.8761200308799744,
        0,
        0.8765650391578674,
        0.0190091785043478,
        0.480908066034317,
        0,
        -7.724602824055182e-8,
        0.8213830590248108,
        3.7086349546910924e-9,
        1
      ]
    },
    {
      "name": "BackLeg.L_016",
      "children": [
        21
      ],
      "matrix": [
        -1.3595551706657716e-7,
        0.9999997615814209,
        0.00008049789175856858,
        0,
        0.9999997615814209,
        2.012191941958008e-7,
        -5.806441549793817e-7,
        0,
        -5.806576837130706e-7,
        0.00008049789175856858,
        -0.9999997615814209,
        0,
        0.4832039475440979,
        0.8379976153373718,
        -1.8745509386062622,
        1
      ]
    },
    {
      "name": "Tail7_end_end_047",
      "matrix": [
        1,
        0,
        -1.3877787807814457e-17,
        0,
        3.851859888774472e-34,
        1,
        2.7755575615628914e-17,
        0,
        1.3877787807814457e-17,
        -2.7755575615628914e-17,
        1,
        0,
        -4.440892098500626e-16,
        0.5331030488014221,
        0,
        1
      ]
    },
    {
      "name": "Tail7_end_028",
      "children": [
        23
      ],
      "matrix": [
        1,
        1.629814394554785e-9,
        2.7939677238464355e-9,
        0,
        -1.6298147276216923e-9,
        1.0000001192092896,
        5.494803545502691e-8,
        0,
        -2.7939677238464355e-9,
        -5.4948028349599554e-8,
        1,
        0,
        -1.8905848264694214e-7,
        0.5331032872200012,
        7.450580596923828e-9,
        1
      ]
    },
    {
      "name": "Tail7_027",
      "children": [
        24
      ],
      "matrix": [
        1.0000001192092896,
        0.00004338308281148784,
        0.0003002834564540535,
        0,
        -0.00007728669879725203,
        0.9934988021850586,
        0.11384463310241699,
        0,
        -0.0002933922514785081,
        -0.11384464055299759,
        0.9934986233711243,
        0,
        7.543712854385376e-8,
        1.0570749044418335,
        2.9802322387695312e-8,
        1
      ]
    },
    {
      "name": "Tail6_026",
      "children": [
        25
      ],
      "matrix": [
        1,
        -3.94604704467838e-9,
        2.366366516071139e-7,
        0,
        -9.592189265106299e-9,
        0.9983636736869812,
        0.057183779776096344,
        0,
        -2.3647508839985676e-7,
        -0.057183779776096344,
        0.9983636736869812,
        0,
        -8.665956556797028e-7,
        1.4017324447631836,
        4.6566128730773926e-9,
        1
      ]
    },
    {
      "name": "Tail5_025",
      "children": [
        26
      ],
      "matrix": [
        0.9669722318649292,
        0.25459715723991394,
        -0.012031965889036655,
        0,
        -0.2537511885166168,
        0.9660519361495972,
        0.04851565510034561,
        0,
        0.02397545985877514,
        -0.04386018216609955,
        0.9987500905990601,
        0,
        8.288770914077759e-8,
        1.570020079612732,
        6.216578185558319e-8,
        1
      ]
    },
    {
      "name": "Tail4_024",
      "children": [
        27
      ],
      "matrix": [
        0.9921709895133972,
        0.12369224429130554,
        0.017232723534107208,
        0,
        -0.12487846612930298,
        0.9810072779655457,
        0.14842712879180908,
        0,
        0.0014538572868332267,
        -0.14941702783107758,
        0.9887731075286865,
        0,
        -4.6566128730773926e-9,
        1.713367223739624,
        5.065521690994501e-7,
        1
      ]
    },
    {
      "name": "Tail3_023",
      "children": [
        28
      ],
      "matrix": [
        0.9989957809448242,
        -0.03179344907402992,
        -0.03156978636980057,
        0,
        0.0443292073905468,
        0.8037567138671875,
        0.5933043956756592,
        0,
        0.006511232350021601,
        -0.5941079258918762,
        0.8043588399887085,
        0,
        2.7939677238464355e-8,
        1.8840923309326172,
        7.223570719361305e-7,
        1
      ]
    },
    {
      "name": "Tail2_022",
      "children": [
        29
      ],
      "matrix": [
        0.9999998807907104,
        2.2796331933250258e-8,
        1.498351887008198e-9,
        0,
        -2.283847599926503e-8,
        0.9959112405776978,
        0.09033273160457611,
        0,
        5.670295344373244e-10,
        -0.09033273160457611,
        0.9959113001823425,
        0,
        1.6763806343078613e-8,
        0.9977463483810425,
        1.7855199985206127e-7,
        1
      ]
    },
    {
      "name": "Tail1_021",
      "children": [
        30
      ],
      "matrix": [
        1,
        1.3197234238759847e-7,
        6.761404733879317e-7,
        0,
        -2.553725835241494e-7,
        -0.840538740158081,
        0.5417519807815552,
        0,
        6.398184382305772e-7,
        -0.5417519211769104,
        -0.8405386209487915,
        0,
        0.049349118024110794,
        -0.27376195788383484,
        0.4555423855781555,
        1
      ]
    },
    {
      "name": "Back_020",
      "children": [
        31
      ],
      "matrix": [
        0.9988815188407898,
        0.018067587167024612,
        -0.04369332268834114,
        0,
        0.03699205070734024,
        0.276904821395874,
        0.960185170173645,
        0,
        0.029447123408317566,
        -0.9607276320457458,
        0.27592676877975464,
        0,
        -0.03228271007537842,
        1.0124256610870361,
        -4.0877861976623535,
        1
      ]
    },
    {
      "name": "Head_end_end_048",
      "matrix": [
        1,
        -2.7755575615628914e-17,
        -2.7755575615628914e-17,
        0,
        2.7755575615628914e-17,
        1,
        2.7755575615628914e-17,
        0,
        2.7755575615628914e-17,
        -2.7755575615628914e-17,
        1,
        0,
        0,
        1.4975733757019043,
        4.440892098500626e-16,
        1
      ]
    },
    {
      "name": "Head_end_032",
      "children": [
        33
      ],
      "matrix": [
        1,
        3.335305365226304e-8,
        7.748603820800781e-7,
        0,
        -3.3352932859997964e-8,
        0.9999999403953552,
        -1.548323780298233e-7,
        0,
        -7.748603820800781e-7,
        1.548323638189686e-7,
        1,
        0,
        1.1362135410308838e-7,
        1.4975736141204834,
        -1.2852251529693604e-7,
        1
      ]
    },
    {
      "name": "Head_031",
      "children": [
        34
      ],
      "matrix": [
        0.8659870028495789,
        0.1804213672876358,
        0.4663843512535095,
        0,
        0.001816618605516851,
        0.9315038323402405,
        -0.36372652649879456,
        0,
        -0.500062882900238,
        0.31582972407341003,
        0.8063424825668335,
        0,
        2.337856130907312e-9,
        1.391994595527649,
        5.057795249285846e-8,
        1
      ]
    },
    {
      "name": "Neck_030",
      "children": [
        35
      ],
      "matrix": [
        0.9991567730903625,
        -0.03727838769555092,
        0.017201479524374008,
        0,
        0.03756772354245186,
        0.9991525411605835,
        -0.016815342009067535,
        0,
        -0.016560053452849388,
        0.01744738221168518,
        0.9997105002403259,
        0,
        5.587935447692871e-9,
        1.1098084449768066,
        3.7282006815075874e-8,
        1
      ]
    },
    {
      "name": "Shoulders_029",
      "children": [
        36
      ],
      "matrix": [
        -0.9991569519042969,
        -0.013723986223340034,
        0.03869250416755676,
        0,
        0.03727959468960762,
        0.09145782142877579,
        0.9951109290122986,
        0,
        -0.017195621505379677,
        0.9957143664360046,
        -0.09086913615465164,
        0,
        -0.0736546516418457,
        1.0671292543411255,
        0.8460292220115662,
        1
      ]
    },
    {
      "name": "Torso_end_end_049",
      "matrix": [
        1,
        3.469446951953614e-18,
        -4.336808689942018e-19,
        0,
        -3.469446951953614e-18,
        1,
        -1.3877787807814457e-17,
        0,
        4.336808689942018e-19,
        1.3877787807814457e-17,
        1,
        0,
        -1.3877787807814457e-17,
        1.527023434638977,
        4.440892098500626e-16,
        1
      ]
    },
    {
      "name": "Torso_end_035",
      "children": [
        38
      ],
      "matrix": [
        1,
        -4.500331218793008e-9,
        -0.00001527909807919059,
        0,
        4.5073043075660735e-9,
        1,
        4.5636110712621303e-7,
        0,
        0.00001527909807919059,
        -4.563611639696319e-7,
        1,
        0,
        -1.1874362826347351e-8,
        1.5270241498947144,
        2.2643916963716038e-8,
        1
      ]
    },
    {
      "name": "Torso_034",
      "children": [
        39
      ],
      "matrix": [
        0.9996330142021179,
        -0.026939507573843002,
        -0.0028969519771635532,
        0,
        0.02709474414587021,
        0.9941627383232117,
        0.1044357568025589,
        0,
        0.00006659368955297396,
        -0.10447586327791214,
        0.9945272207260132,
        0,
        1.215425982081797e-9,
        1.597373604774475,
        2.2697037138641463e-8,
        1
      ]
    },
    {
      "name": "Hips_033",
      "children": [
        40
      ],
      "matrix": [
        -1,
        0.000014932947124179918,
        4.877146579929104e-7,
        0,
        -2.625043515891434e-10,
        -0.032660480588674545,
        0.9994662404060364,
        0,
        0.00001494090975029394,
        0.9994665384292603,
        0.032660435885190964,
        0,
        -0.03228271007537842,
        1.2948400974273682,
        -3.159708261489868,
        1
      ]
    },
    {
      "name": "Body_04",
      "children": [
        7,
        12,
        17,
        22,
        32,
        37,
        41
      ],
      "matrix": [
        1,
        0,
        0,
        0,
        0,
        1,
        0,
        0,
        0,
        0,
        1,
        0,
        0.005377650260925293,
        2.300701379776001,
        -0.01714693009853363,
        1
      ]
    },
    {
      "name": "BackFoot.R_end_end_050",
      "matrix": [
        1,
        2.0194839173657902e-28,
        5.516088548959048e-22,
        0,
        -2.0194839173657902e-28,
        1,
        -2.6469779601696886e-23,
        0,
        -5.516088548959048e-22,
        2.6469779601696886e-23,
        1,
        0,
        0,
        1.929090976715088,
        1.3877787807814457e-17,
        1
      ]
    },
    {
      "name": "BackFoot.R_end_037",
      "children": [
        43
      ],
      "matrix": [
        1,
        2.371692252312041e-20,
        3.410605402699024e-13,
        0,
        -2.371692252312041e-20,
        1,
        8.889039034194485e-16,
        0,
        -3.410605402699024e-13,
        -8.889039034194485e-16,
        1,
        0,
        -1.104797888729081e-7,
        1.9290908575057983,
        -8.904436299417284e-9,
        1
      ]
    },
    {
      "name": "BackFoot.R_036",
      "children": [
        44
      ],
      "matrix": [
        1,
        -0.0000034888564641732955,
        5.097986919763708e-13,
        0,
        -1.0979756600443258e-12,
        -1.3436186918625026e-7,
        0.9999997019767761,
        0,
        -0.0000034888555546785938,
        -0.9999997019767761,
        -1.3436186918625026e-7,
        0,
        -1.44301176071167,
        0.10000349581241608,
        -3.5552978515625,
        1
      ]
    },
    {
      "name": "FrontFoot.L_end_end_051",
      "matrix": [
        1,
        -7.573064690121713e-29,
        5.433224075119736e-22,
        0,
        7.573064690121713e-29,
        1,
        -2.6469779601696886e-23,
        0,
        -5.433224075119736e-22,
        2.6469779601696886e-23,
        1,
        0,
        0,
        1,
        -1.3877787807814457e-17,
        1
      ]
    },
    {
      "name": "FrontFoot.L_end_039",
      "children": [
        46
      ],
      "matrix": [
        1,
        -7.573064690121713e-29,
        1.1980594650659792e-22,
        0,
        7.573064690121713e-29,
        1,
        -5.293955920339377e-23,
        0,
        -1.1980594650659792e-22,
        5.293955920339377e-23,
        1,
        0,
        8.730594913686218e-9,
        0.9999999403953552,
        2.9816646929248236e-9,
        1
      ]
    },
    {
      "name": "FrontFoot.L_038",
      "children": [
        47
      ],
      "matrix": [
        1,
        -0.000003488856691546971,
        -1.3331116809414678e-13,
        0,
        -4.548660168142427e-13,
        -1.3436186918625026e-7,
        0.9999997615814209,
        0,
        -0.0000034888560094259446,
        -0.9999997615814209,
        -1.3436186918625026e-7,
        0,
        1.055632472038269,
        0.10000348836183548,
        2.0247294902801514,
        1
      ]
    },
    {
      "name": "BackFoot.L_end_end_052",
      "matrix": [
        1,
        -2.0194839173657902e-28,
        1.9215161019617342e-22,
        0,
        2.0194839173657902e-28,
        1,
        -2.6469779601696886e-23,
        0,
        -1.9215161019617342e-22,
        2.6469779601696886e-23,
        1,
        0,
        -2.220446049250313e-16,
        1.929090976715088,
        0,
        1
      ]
    },
    {
      "name": "BackFoot.L_end_041",
      "children": [
        49
      ],
      "matrix": [
        1,
        2.0328790734103208e-20,
        9.094947017729282e-13,
        0,
        -2.0328790734103208e-20,
        1,
        8.893547367056246e-16,
        0,
        -9.094947017729282e-13,
        -8.893547367056246e-16,
        1,
        0,
        1.517773426940039e-7,
        1.9290908575057983,
        -7.390127620965359e-9,
        1
      ]
    },
    {
      "name": "BackFoot.L_040",
      "children": [
        50
      ],
      "matrix": [
        1,
        -0.000004442529643711168,
        1.0725198940769731e-12,
        0,
        -1.8214739612443243e-12,
        -1.3436375922992738e-7,
        0.9999997019767761,
        0,
        -0.0000044425287342164665,
        -0.9999997019767761,
        -1.3436375922992738e-7,
        0,
        1.3921350240707397,
        0.10000349581241608,
        -3.5552978515625,
        1
      ]
    },
    {
      "name": "root_01",
      "children": [
        2,
        42,
        45,
        48,
        51
      ],
      "matrix": [
        1,
        0,
        0,
        0,
        0,
        -1.343588280633412e-7,
        0.9999997615814209,
        0,
        0,
        -0.9999997615814209,
        -1.343588280633412e-7,
        0,
        0,
        0,
        0,
        1
      ]
    },
    {
      "name": "_rootJoint",
      "children": [
        52
      ]
    },
    {
      "name": "Object_61",
      "matrix": [
        1,
        0,
        0,
        0,
        0,
        1,
        0,
        0,
        0,
        0,
        1,
        0,
        -0.8262450098991394,
        0.033105090260505676,
        2.2773396968841553,
        1
      ],
      "mesh": 0
    },
    {
      "name": "Object_60",
      "matrix": [
        407.27557373046875,
        0,
        0,
        0,
        0,
        0.0000155730976985069,
        -454.9739990234375,
        0,
        0,
        476.0948486328125,
        0.000016296033209073357,
        0,
        0,
        0.0014446814311668277,
        -58.828861236572266,
        1
      ]
    },
    {
      "name": "Object_5",
      "children": [
        53,
        54,
        55
      ]
    },
    {
      "name": "RatArmature",
      "children": [
        56
      ],
      "matrix": [
        39.54920959472656,
        0,
        0,
        0,
        0,
        -0.000005313786459737457,
        -39.54920959472656,
        0,
        0,
        39.54920959472656,
        -0.000005313786459737457,
        0,
        0,
        0,
        0,
        1
      ]
    },
    {
      "name": "mouse.1",
      "matrix": [
        407.27557373046875,
        0,
        0,
        0,
        0,
        -0.00006112978735473007,
        -454.9739990234375,
        0,
        0,
        476.0948486328125,
        -0.0000639675636193715,
        0,
        0,
        0.0014446815475821495,
        -58.828861236572266,
        1
      ]
    },
    {
      "name": "RootNode",
      "children": [
        57,
        58
      ]
    },
    {
      "name": "Object_2",
      "children": [
        59
      ]
    },
    {
      "name": "e7e49b23d3614cb7beedf83a9b2e1f47.fbx",
      "children": [
        60
      ],
      "matrix": [
        0.009999999776482582,
        0,
        0,
        0,
        0,
        3.42285422227917e-10,
        0.009999999776482582,
        0,
        0,
        -0.009999999776482582,
        3.42285422227917e-10,
        0,
        0,
        0,
        0,
        1
      ]
    },
    {
      "name": "Sketchfab_model",
      "children": [
        61
      ],
      "matrix": [
        0.11452370882034302,
        0,
        0,
        0,
        0,
        3.9199790080601815e-9,
        -0.11452367901802063,
        0,
        0,
        0.11452367901802063,
        3.9199790080601815e-9,
        0,
        0,
        0,
        0,
        1
      ]
    }
  ],
  "meshes": [
    {
      "primitives": [
        {
          "attributes": {
            "JOINTS_0": 0,
            "NORMAL": 1,
            "POSITION": 2,
            "TEXCOORD_0": 3,
            "WEIGHTS_0": 4
          },
          "material": 0,
          "mode": 4,
          "indices": 5
        }
      ]
    }
  ],
  "materials": [
    {
      "pbrMetallicRoughness": {
        "baseColorFactor": [
          1,
          1,
          1,
          1
        ],
        "metallicFactor": 0.29104850605258986,
        "roughnessFactor": 0.9527617607977472,
        "baseColorTexture": {
          "index": 0,
          "texCoord": 0
        }
      },
      "emissiveFactor": [
        0,
        0,
        0
      ],
      "alphaMode": "OPAQUE",
      "doubleSided": true
    }
  ],
  "textures": [
    {
      "sampler": 0,
      "source": 0
    }
  ],
  "samplers": [
    {
      "magFilter": 9729,
      "minFilter": 9987,
      "wrapS": 10497,
      "wrapT": 10497
    }
  ],
  "images": [
    {
      "uri": "textures/Material_0_baseColor.png",
      "mimeType": "image/png"
    }
  ]
}